Getting rs...
getting fs...
Getting rs...
10 , 56820 , 120425
20 , 122130 , 55115
30 , 125348 , 51897
40 , 132840 , 44405
50 , 122474 , 54771
60 , 132099 , 45146
70 , 134917 , 42328
80 , 135333 , 41912
90 , 142180 , 35065
100 , 145031 , 32214
110 , 144370 , 32875
120 , 147073 , 30172
130 , 150652 , 26593
140 , 150894 , 26351
150 , 153257 , 23988
160 , 152935 , 24310
170 , 154036 , 23209
180 , 157130 , 20115
190 , 156555 , 20690
200 , 160094 , 17151
210 , 158464 , 18781
220 , 158749 , 18496
230 , 159397 , 17848
240 , 159610 , 17635
250 , 160868 , 16377
260 , 160022 , 17223
270 , 161287 , 15958
280 , 160629 , 16616
290 , 162242 , 15003
300 , 162422 , 14823
310 , 162171 , 15074
320 , 161874 , 15371
330 , 162726 , 14519
340 , 162656 , 14589
350 , 162808 , 14437
360 , 162400 , 14845
370 , 162636 , 14609
380 , 163508 , 13737
390 , 163259 , 13986
400 , 163252 , 13993
410 , 163499 , 13746
420 , 163423 , 13822
430 , 163700 , 13545
440 , 163753 , 13492
450 , 163734 , 13511
460 , 163784 , 13461
470 , 163837 , 13408
480 , 163801 , 13444
490 , 163937 , 13308
500 , 164086 , 13159
510 , 164181 , 13064
520 , 164193 , 13052
530 , 164056 , 13189
540 , 164765 , 12480
550 , 164377 , 12868
560 , 164263 , 12982
570 , 164464 , 12781
580 , 164742 , 12503
590 , 164664 , 12581
600 , 164842 , 12403
610 , 164795 , 12450
620 , 164910 , 12335
630 , 165002 , 12243
640 , 165027 , 12218
650 , 164852 , 12393
660 , 164961 , 12284
670 , 165161 , 12084
680 , 165029 , 12216
690 , 164991 , 12254
700 , 165063 , 12182
710 , 165097 , 12148
720 , 165041 , 12204
730 , 165157 , 12088
740 , 165167 , 12078
750 , 165099 , 12146
760 , 165182 , 12063
770 , 165330 , 11915
780 , 165186 , 12059
790 , 165087 , 12158
800 , 165296 , 11949
810 , 165381 , 11864
820 , 165313 , 11932
830 , 165401 , 11844
840 , 165352 , 11893
850 , 165506 , 11739
860 , 165363 , 11882
870 , 165350 , 11895
880 , 165291 , 11954
890 , 165391 , 11854
900 , 165491 , 11754
910 , 165489 , 11756
920 , 165501 , 11744
930 , 165535 , 11710
940 , 165521 , 11724
950 , 165633 , 11612
960 , 165431 , 11814
970 , 165561 , 11684
980 , 165699 , 11546
990 , 165633 , 11612
