Getting rs...
getting fs...
Getting rs...

10 ,  57201 ,  120044

20 ,  124024 ,  53221

30 ,  130906 ,  46339

40 ,  135828 ,  41417

50 ,  139480 ,  37765

60 ,  143392 ,  33853

70 ,  146957 ,  30288

80 ,  149761 ,  27484

90 ,  152133 ,  25112

100 ,  153268 ,  23977

110 ,  154975 ,  22270

120 ,  156880 ,  20365

130 ,  157953 ,  19292

140 ,  158594 ,  18651

150 ,  159228 ,  18017

160 ,  160869 ,  16376

170 ,  161295 ,  15950

180 ,  161554 ,  15691

190 ,  161720 ,  15525

200 ,  161842 ,  15403

210 ,  161917 ,  15328

220 ,  162058 ,  15187

230 ,  162159 ,  15086

240 ,  162417 ,  14828

250 ,  162608 ,  14637

260 ,  162896 ,  14349

270 ,  162955 ,  14290

280 ,  163125 ,  14120

290 ,  163204 ,  14041

300 ,  163282 ,  13963

310 ,  163497 ,  13748

320 ,  163673 ,  13572

330 ,  163826 ,  13419

340 ,  163865 ,  13380

350 ,  163888 ,  13357

360 ,  163903 ,  13342

370 ,  163982 ,  13263

380 ,  164023 ,  13222

390 ,  164115 ,  13130

400 ,  164191 ,  13054

410 ,  164262 ,  12983

420 ,  164270 ,  12975

430 ,  164276 ,  12969

440 ,  164313 ,  12932

450 ,  164321 ,  12924

460 ,  164329 ,  12916

470 ,  164334 ,  12911

480 ,  164337 ,  12908

490 ,  164340 ,  12905

500 ,  164352 ,  12893

510 ,  164482 ,  12763

520 ,  164520 ,  12725

530 ,  164556 ,  12689

540 ,  164556 ,  12689

550 ,  164574 ,  12671

560 ,  164583 ,  12662

570 ,  164588 ,  12657

580 ,  164603 ,  12642

590 ,  164610 ,  12635

600 ,  164610 ,  12635

610 ,  164612 ,  12633

620 ,  164626 ,  12619

630 ,  164628 ,  12617

640 ,  164633 ,  12612

650 ,  164641 ,  12604

660 ,  164645 ,  12600

670 ,  164737 ,  12508

680 ,  164743 ,  12502

690 ,  164751 ,  12494

700 ,  164754 ,  12491

710 ,  164888 ,  12357

720 ,  164895 ,  12350

730 ,  164895 ,  12350

740 ,  164897 ,  12348

750 ,  164904 ,  12341

760 ,  164905 ,  12340

770 ,  164908 ,  12337

780 ,  164911 ,  12334

790 ,  164915 ,  12330

800 ,  164916 ,  12329

810 ,  164916 ,  12329

820 ,  164922 ,  12323

830 ,  164926 ,  12319

840 ,  164938 ,  12307

850 ,  164940 ,  12305

860 ,  164944 ,  12301

870 ,  164947 ,  12298

880 ,  164970 ,  12275

890 ,  164988 ,  12257

900 ,  164993 ,  12252

910 ,  165015 ,  12230

920 ,  165044 ,  12201

930 ,  165054 ,  12191

940 ,  165060 ,  12185

950 ,  165062 ,  12183

960 ,  165064 ,  12181

970 ,  165064 ,  12181

980 ,  165065 ,  12180

990 ,  165077 ,  12168
