10 , 46481 , 130764

20 , 108804 , 68441

30 , 118604 , 58641

40 , 123958 , 53287

50 , 127953 , 49292

60 , 131568 , 45677

70 , 135146 , 42099

80 , 137220 , 40025

90 , 139530 , 37715

100 , 141822 , 35423

110 , 143565 , 33680

120 , 145915 , 31330

130 , 147541 , 29704

140 , 148575 , 28670

150 , 148973 , 28272

160 , 150069 , 27176

170 , 150242 , 27003

180 , 150418 , 26827

190 , 150555 , 26690

200 , 150627 , 26618

210 , 150632 , 26613

220 , 150679 , 26566

230 , 150762 , 26483

240 , 150867 , 26378

250 , 150961 , 26284

260 , 151101 , 26144

270 , 151150 , 26095

280 , 151180 , 26065

290 , 151208 , 26037

300 , 151219 , 26026

310 , 151261 , 25984

320 , 151255 , 25990

330 , 151261 , 25984

340 , 151274 , 25971

350 , 151266 , 25979

360 , 151263 , 25982

370 , 151286 , 25959

380 , 151284 , 25961

390 , 151288 , 25957

400 , 151285 , 25960

410 , 151284 , 25961

420 , 151293 , 25952

430 , 151289 , 25956

440 , 151286 , 25959

450 , 151290 , 25955

460 , 151300 , 25945

470 , 151312 , 25933

480 , 151312 , 25933

490 , 151312 , 25933

500 , 151312 , 25933

510 , 151312 , 25933

520 , 151312 , 25933

530 , 151312 , 25933

540 , 151312 , 25933

550 , 151312 , 25933

560 , 151312 , 25933

570 , 151311 , 25934

580 , 151311 , 25934

590 , 151311 , 25934

600 , 151311 , 25934

610 , 151311 , 25934

620 , 151311 , 25934

630 , 151311 , 25934

640 , 151311 , 25934

650 , 151311 , 25934

660 , 151311 , 25934

670 , 151312 , 25933

680 , 151312 , 25933

690 , 151312 , 25933

700 , 151312 , 25933

710 , 151312 , 25933

720 , 151324 , 25921

730 , 151324 , 25921

740 , 151324 , 25921

750 , 151324 , 25921

760 , 151324 , 25921

770 , 151324 , 25921

780 , 151324 , 25921

790 , 151324 , 25921

800 , 151324 , 25921

810 , 151324 , 25921

820 , 151324 , 25921

830 , 151324 , 25921

840 , 151324 , 25921

850 , 151324 , 25921

860 , 151324 , 25921

870 , 151324 , 25921

880 , 151324 , 25921

890 , 151324 , 25921

900 , 151324 , 25921

910 , 151324 , 25921

920 , 151324 , 25921

930 , 151324 , 25921

940 , 151324 , 25921

950 , 151324 , 25921

960 , 151324 , 25921

970 , 151324 , 25921

980 , 151324 , 25921

990 , 151324 , 25921
